security,transformer_avg_score,transformer_last_score,buy_ratio,sell_ratio,hold_ratio,total_signals,transformer_momentum
AAF.N0000,0.36604968070983884,0.3587131202220917,0.16,0.02,0.82,50,Neutral
AAIC.N0000,0.31683989241719246,0.11990629881620407,0.08695652173913043,0.1956521739130435,0.717391304347826,46,Bearish
ABAN.N0000,0.3657902295285083,0.3707049787044525,0.1702127659574468,0.0,0.8297872340425532,47,Neutral
ABL.N0000,0.3570279662913464,0.36940160393714905,0.10638297872340426,0.06382978723404255,0.8297872340425532,47,Neutral
ACAP.N0000,0.3581373963666999,0.3705538511276245,0.0,0.0,1.0,23,Neutral
ACL.N0000,0.3192213800164961,0.2768982946872711,0.016129032258064516,0.5483870967741935,0.43548387096774194,62,Bearish
ACME.N0000,0.29982558809793913,0.06693439930677414,0.15384615384615385,0.28846153846153844,0.5576923076923077,52,Bearish
AEL.N0000,0.3258419718151375,0.25828537344932556,0.11864406779661017,0.3050847457627119,0.576271186440678,59,Bearish
AFS.N0000,0.36599316483452204,0.3815721869468689,0.14285714285714285,0.023809523809523808,0.8333333333333334,42,Neutral
AFSL.N0000,0.3573354642460312,0.37189939618110657,0.14492753623188406,0.15942028985507245,0.6956521739130435,69,Neutral
AGAL.N0000,0.3634643127333443,0.34902480244636536,0.24528301886792453,0.0,0.7547169811320755,53,Neutral
AGPL.N0000,0.34425890164555245,0.32873785495758057,0.07547169811320754,0.3018867924528302,0.6226415094339622,53,Neutral
AGST.N0000,0.3431820080361583,0.32231563329696655,0.022727272727272728,0.13636363636363635,0.8409090909090909,44,Neutral
AGST.X0000,0.3524505151435733,0.3787144720554352,0.140625,0.1875,0.671875,64,Neutral
AHPL.N0000,0.3587134968150746,0.3435046076774597,0.045454545454545456,0.0,0.9545454545454546,44,Neutral
AHUN.N0000,0.32445388157955474,0.1618090122938156,0.041666666666666664,0.2777777777777778,0.6805555555555556,72,Bearish
AINS.N0000,0.3528254140507091,0.3456159830093384,0.03636363636363636,0.03636363636363636,0.9272727272727272,55,Neutral
ALLI.N0000,0.3562501049958743,0.3717193305492401,0.0,0.0,1.0,52,Neutral
ALUM.N0000,0.3349852728155943,0.31347182393074036,0.057692307692307696,0.40384615384615385,0.5384615384615384,52,Neutral
AMF.N0000,0.3505268512770187,0.309620201587677,0.05813953488372093,0.2441860465116279,0.6976744186046512,86,Neutral
AMSL.N0000,0.36761659383773804,0.3753781318664551,0.2608695652173913,0.0,0.7391304347826086,46,Neutral
APLA.N0000,0.3580576074123383,0.36432936787605286,0.18,0.04,0.78,50,Neutral
ASCO.N0000,0.37128640516944555,0.3879508972167969,0.34782608695652173,0.0,0.6521739130434783,46,Neutral
ASHO.N0000,0.3633064964125233,0.38315871357917786,0.14516129032258066,0.0,0.8548387096774194,62,Neutral
ASIR.N0000,0.33405525094519056,0.2625628709793091,0.21666666666666667,0.13333333333333333,0.65,60,Neutral
ASIY.N0000,0.36327051743865013,0.34900811314582825,0.10416666666666667,0.0,0.8958333333333334,48,Neutral
ASPH.N0000,0.04420143241683642,0.04390150308609009,0.0,1.0,0.0,60,Bearish
ATL.N0000,0.35112162908682454,0.30810484290122986,0.1346153846153846,0.25,0.6153846153846154,52,Neutral
ATLL.N0000,0.3434024002662925,0.36050546169281006,0.046511627906976744,0.16279069767441862,0.7906976744186046,43,Neutral
AUTO.N0000,0.3621130904486013,0.3830592632293701,0.37209302325581395,0.20930232558139536,0.4186046511627907,43,Neutral
BALA.N0000,0.34713809192180634,0.3595007658004761,0.0,0.21428571428571427,0.7857142857142857,56,Neutral
BBH.N0000,0.3600665772402728,0.3820943534374237,0.2222222222222222,0.1111111111111111,0.6666666666666666,27,Neutral
BERU.N0000,0.3050218182615936,0.05453271046280861,0.0,0.425,0.575,40,Bearish
BFL.N0000,0.32807681197300553,0.2621231973171234,0.1875,0.16666666666666666,0.6458333333333334,48,Bearish
BFN.N0000,0.36783397044890964,0.3590282201766968,0.23076923076923078,0.0,0.7692307692307693,39,Neutral
BIL.N0000,0.0748321082442999,0.04934915527701378,0.0,1.0,0.0,50,Bearish
BOGA.N0000,0.3506862704049457,0.36398619413375854,0.06818181818181818,0.06818181818181818,0.8636363636363636,44,Neutral
BOPL.N0000,0.3510421715352846,0.34878143668174744,0.021739130434782608,0.17391304347826086,0.8043478260869565,46,Neutral
BPPL.N0000,0.3374733626842499,0.3663055896759033,0.017241379310344827,0.5344827586206896,0.4482758620689655,58,Neutral
BREW.N0000,0.3635367337200377,0.36846277117729187,0.05555555555555555,0.0,0.9444444444444444,36,Neutral
BRR.N0000,0.36464668967221914,0.3355732858181,0.10526315789473684,0.0,0.8947368421052632,38,Neutral
BRWN.N0000,0.35922637701034543,0.3782956600189209,0.26,0.06,0.68,50,Neutral
BUKI.N0000,0.3486355323167074,0.34702804684638977,0.047619047619047616,0.2619047619047619,0.6904761904761905,42,Neutral
CABO.N0000,0.37487560013930005,0.38130903244018555,0.5666666666666667,0.0,0.43333333333333335,30,Bullish
CALF.N0000,0.3553247001436022,0.32453617453575134,0.044444444444444446,0.15555555555555556,0.8,45,Neutral
CALH.N0000,0.343511510462988,0.3386448323726654,0.031746031746031744,0.3492063492063492,0.6190476190476191,63,Neutral
CALT.N0000,0.3290685253185138,0.3505958020687103,0.0,0.7368421052631579,0.2631578947368421,57,Bearish
CARE.N0000,0.35187167960863847,0.3570299744606018,0.11538461538461539,0.3076923076923077,0.5769230769230769,52,Neutral
CARG.N0000,0.35218496031539387,0.37086021900177,0.023255813953488372,0.023255813953488372,0.9534883720930233,43,Neutral
CARS.N0000,0.3492228262954288,0.3523263931274414,0.0,0.24444444444444444,0.7555555555555555,45,Neutral
CBNK.N0000,0.32070525277119416,0.30090445280075073,0.0,0.8653846153846154,0.1346153846153846,52,Bearish
CCS.N0000,0.31150617922789287,0.05435892194509506,0.0,0.48214285714285715,0.5178571428571429,56,Bearish
CDB.N0000,0.3431436644821632,0.30390170216560364,0.07317073170731707,0.14634146341463414,0.7804878048780488,41,Neutral
CDB.X0000,0.36478606773459393,0.3613388240337372,0.043478260869565216,0.0,0.9565217391304348,46,Neutral
CERA.N0000,0.3570205452965527,0.315652996301651,0.0975609756097561,0.17073170731707318,0.7317073170731707,41,Neutral
CFI.N0000,0.3667573492194331,0.36868202686309814,0.13953488372093023,0.0,0.8604651162790697,43,Neutral
CFIN.N0000,0.3395443682869275,0.3851005733013153,0.03571428571428571,0.39285714285714285,0.5714285714285714,84,Neutral
CFLB.N0000,0.36165302310671127,0.3825617730617523,0.2857142857142857,0.02857142857142857,0.6857142857142857,35,Neutral
CFVF.N0000,0.3408254705093525,0.3482140600681305,0.0,0.2037037037037037,0.7962962962962963,54,Neutral
CHL.N0000,0.35677701410125284,0.36586084961891174,0.058823529411764705,0.1568627450980392,0.7843137254901961,51,Neutral
CHL.X0000,0.3675134994766929,0.3750421404838562,0.13636363636363635,0.0,0.8636363636363636,44,Neutral
CHMX.N0000,0.3626829378115825,0.356452614068985,0.05128205128205128,0.0,0.9487179487179487,39,Neutral
CHOT.N0000,0.3710401394265763,0.37455999851226807,0.2127659574468085,0.0,0.7872340425531915,47,Neutral
CIC.N0000,0.3463856822678021,0.380132257938385,0.03571428571428571,0.19642857142857142,0.7678571428571429,56,Neutral
CIC.X0000,0.3366704750806093,0.3062593340873718,0.041666666666666664,0.3472222222222222,0.6111111111111112,72,Neutral
CIND.N0000,0.3554883592802545,0.3434157967567444,0.043478260869565216,0.043478260869565216,0.9130434782608695,46,Neutral
CINS.N0000,0.35920659881649597,0.35950496792793274,0.15151515151515152,0.06060606060606061,0.7878787878787878,33,Neutral
CINS.X0000,0.34436936849771543,0.3385246992111206,0.0,0.13953488372093023,0.8604651162790697,43,Neutral
CINV.N0000,0.35059526620002895,0.3233269155025482,0.11538461538461539,0.25,0.6346153846153846,52,Neutral
CIT.N0000,0.3500618753225907,0.38245850801467896,0.17391304347826086,0.32608695652173914,0.5,46,Neutral
CITH.N0000,0.29927353976437676,0.0539853498339653,0.038461538461538464,0.5192307692307693,0.4423076923076923,52,Bearish
CITW.N0000,0.05252774161371318,0.046802401542663574,0.0,1.0,0.0,55,Bearish
CLND.N0000,0.3347522216986437,0.09361288696527481,0.16393442622950818,0.13114754098360656,0.7049180327868853,61,Neutral
COCO.N0000,0.367488807247531,0.36049574613571167,0.2903225806451613,0.0,0.7096774193548387,62,Neutral
COCO.X0000,0.3735994132275277,0.37793564796447754,0.3829787234042553,0.02127659574468085,0.5957446808510638,47,Neutral
COCR.N0000,0.3343314605951309,0.36456966400146484,0.0,0.3,0.7,50,Neutral
COLO.N0000,0.36060217527242805,0.37576621770858765,0.13846153846153847,0.06153846153846154,0.8,65,Neutral
COMB.N0000,0.31496969427144716,0.18891052901744843,0.0,0.3333333333333333,0.6666666666666666,63,Bearish
COMB.X0000,0.34632852630338806,0.3363198935985565,0.07246376811594203,0.21739130434782608,0.7101449275362319,69,Neutral
COMD.N0000,0.3622545549425028,0.348158061504364,0.15254237288135594,0.0,0.847457627118644,59,Neutral
CONN.N0000,0.36570705505127604,0.3770785927772522,0.14893617021276595,0.0425531914893617,0.8085106382978723,47,Neutral
COOP.N0000,0.13834270669354332,0.049422893673181534,0.0,1.0,0.0,99,Bearish
CPRT.N0000,0.34418222556511563,0.37742888927459717,0.10416666666666667,0.3541666666666667,0.5416666666666666,48,Neutral
CRL.N0000,0.34974778828949765,0.26046139001846313,0.22413793103448276,0.1724137931034483,0.603448275862069,58,Neutral
CSD.N0000,0.3464980131270839,0.3672333359718323,0.0,0.11764705882352941,0.8823529411764706,51,Neutral
CSLK.N0000,0.3425479080787925,0.321939617395401,0.023255813953488372,0.3023255813953488,0.6744186046511628,43,Neutral
CTBL.N0000,0.3559565846349152,0.36465391516685486,0.18309859154929578,0.056338028169014086,0.7605633802816901,71,Neutral
CTC.N0000,0.35501429380155075,0.35071372985839844,0.1568627450980392,0.1568627450980392,0.6862745098039216,51,Neutral
CTEA.N0000,0.3589253693819046,0.34183311462402344,0.06666666666666667,0.0,0.9333333333333333,30,Neutral
CTHR.N0000,0.3345892330010732,0.23096367716789246,0.0,0.21212121212121213,0.7878787878787878,33,Neutral
CTLD.N0000,0.36065150521419664,0.3873395025730133,0.2222222222222222,0.14814814814814814,0.6296296296296297,54,Neutral
CWL.N0000,0.3617027857086875,0.373068630695343,0.21818181818181817,0.0,0.7818181818181819,55,Neutral
CWM.N0000,0.3557961225509644,0.3770492672920227,0.18181818181818182,0.07272727272727272,0.7454545454545455,55,Neutral
DFCC.N0000,0.3360420406841841,0.33789965510368347,0.0,0.4098360655737705,0.5901639344262295,61,Neutral
DIAL.N0000,0.33787544828946475,0.3448758125305176,0.0,0.3114754098360656,0.6885245901639344,61,Neutral
DIMO.N0000,0.35903581976890564,0.3538493812084198,0.041666666666666664,0.0,0.9583333333333334,48,Neutral
DIPD.N0000,0.33832166890303295,0.3700841963291168,0.016666666666666666,0.5166666666666667,0.4666666666666667,60,Neutral
DIST.N0000,0.3414168586333593,0.32447323203086853,0.06666666666666667,0.3,0.6333333333333333,60,Neutral
DOCK.N0000,0.33693708658218385,0.2358553260564804,0.16,0.12,0.72,75,Neutral
DPL.N0000,0.34537602766700415,0.38135042786598206,0.043478260869565216,0.30434782608695654,0.6521739130434783,46,Neutral
EAST.N0000,0.35369224505765096,0.3584936261177063,0.11428571428571428,0.2,0.6857142857142857,70,Neutral
EBCR.N0000,0.3565462346260364,0.3415502905845642,0.11538461538461539,0.0,0.8846153846153846,52,Neutral
ECL.N0000,0.36553897899250654,0.3682463467121124,0.09302325581395349,0.0,0.9069767441860465,43,Neutral
EDEN.N0000,0.34085192779699963,0.3341425359249115,0.0,0.2916666666666667,0.7083333333333334,48,Neutral
ELPL.N0000,0.3600844573556331,0.3559496998786926,0.24561403508771928,0.08771929824561403,0.6666666666666666,57,Neutral
EMER.N0000,0.3647154186453138,0.35927116870880127,0.20408163265306123,0.0,0.7959183673469388,49,Neutral
EML.N0000,0.37247445945646246,0.38279473781585693,0.4117647058823529,0.0,0.5882352941176471,51,Neutral
ETWO.N0000,0.3649492934346199,0.35305050015449524,0.03125,0.0,0.96875,32,Neutral
EXT.N0000,0.3681883978289227,0.3656597137451172,0.23255813953488372,0.023255813953488372,0.7441860465116279,43,Neutral
FCT.N0000,0.3371112751109259,0.355037659406662,0.0,0.47619047619047616,0.5238095238095238,84,Neutral
GEST.N0000,0.35707542242912144,0.3693807125091553,0.17307692307692307,0.23076923076923078,0.5961538461538461,52,Neutral
GHLL.N0000,0.3519112505610027,0.3772933781147003,0.09523809523809523,0.047619047619047616,0.8571428571428571,63,Neutral
GLAS.N0000,0.343807926283607,0.36646929383277893,0.0759493670886076,0.3037974683544304,0.620253164556962,79,Neutral
GRAN.N0000,0.36065408362532564,0.3654787540435791,0.20754716981132076,0.0,0.7924528301886793,53,Neutral
GREG.N0000,0.3647645969282497,0.36947867274284363,0.22727272727272727,0.045454545454545456,0.7272727272727273,44,Neutral
GUAR.N0000,0.35806044702436407,0.3219429552555084,0.0784313725490196,0.09803921568627451,0.8235294117647058,51,Neutral
HAPU.N0000,0.36603010092910965,0.36220961809158325,0.23684210526315788,0.05263157894736842,0.7105263157894737,38,Neutral
HARI.N0000,0.34898336207280395,0.3489544093608856,0.0,0.11475409836065574,0.8852459016393442,61,Neutral
HASU.N0000,0.3340760755886152,0.28028345108032227,0.07766990291262135,0.5728155339805825,0.34951456310679613,103,Bearish
HAYC.N0000,0.3337151446125724,0.3409540355205536,0.01818181818181818,0.34545454545454546,0.6363636363636364,55,Neutral
HAYL.N0000,0.3294823607260531,0.21076999604701996,0.10909090909090909,0.16363636363636364,0.7272727272727273,55,Bearish
HBS.N0000,0.35600816938612195,0.36290621757507324,0.16666666666666666,0.14444444444444443,0.6888888888888889,90,Neutral
HDFC.N0000,0.3361837596309428,0.34264418482780457,0.10204081632653061,0.1836734693877551,0.7142857142857143,49,Neutral
HELA.N0000,0.18207227621300548,0.1923534870147705,0.0,1.0,0.0,51,Bearish
HEXP.N0000,0.3707634485235401,0.3747347295284271,0.3333333333333333,0.0,0.6666666666666666,51,Neutral
HHL.N0000,0.30941260208121757,0.1494317501783371,0.0,0.8181818181818182,0.18181818181818182,88,Bearish
HNB.N0000,0.3421720780432224,0.3239229619503021,0.0375,0.325,0.6375,80,Neutral
HNB.X0000,0.32480940709097517,0.28862807154655457,0.041666666666666664,0.3611111111111111,0.5972222222222222,72,Bearish
HNBF.N0000,0.3029896247646083,0.12365365028381348,0.0,0.2608695652173913,0.7391304347826086,46,Bearish
HNBF.X0000,0.3571834771529488,0.3370487689971924,0.13043478260869565,0.10869565217391304,0.7608695652173914,46,Neutral
HOPL.N0000,0.3592031112739018,0.3338194489479065,0.14285714285714285,0.05714285714285714,0.8,35,Neutral
HPFL.N0000,0.3565569236630299,0.37511685490608215,0.2459016393442623,0.19672131147540983,0.5573770491803278,61,Neutral
HPL.N0000,0.33035591677311926,0.3387190103530884,0.0,0.5806451612903226,0.41935483870967744,62,Bearish
HPWR.N0000,0.35551046536249276,0.3558911383152008,0.0,0.0,1.0,34,Neutral
HSIG.N0000,0.35877960402032605,0.3611662983894348,0.10869565217391304,0.0,0.8913043478260869,46,Neutral
HUNA.N0000,0.3597902682694522,0.37372228503227234,0.1590909090909091,0.13636363636363635,0.7045454545454546,44,Neutral
HUNT.N0000,0.36745547155539193,0.37883636355400085,0.2,0.0,0.8,30,Neutral
HVA.N0000,0.3303382724354213,0.20687533915042877,0.20454545454545456,0.1590909090909091,0.6363636363636364,44,Bearish
INME.N0000,0.3705883283872862,0.3777141273021698,0.16216216216216217,0.0,0.8378378378378378,37,Neutral
JAT.N0000,0.3359833517244884,0.3383868634700775,0.0,0.5,0.5,70,Neutral
JETS.N0000,0.3282781684150298,0.2907288074493408,0.020833333333333332,0.3958333333333333,0.5833333333333334,48,Bearish
JFP.N0000,0.35395039801012007,0.368376225233078,0.3333333333333333,0.08771929824561403,0.5789473684210527,57,Neutral
JINS.N0000,0.3327944452223712,0.29637959599494934,0.0273972602739726,0.2465753424657534,0.726027397260274,73,Neutral
JKH.N0000,0.2532974189000853,0.12911440432071686,0.0,0.9887640449438202,0.011235955056179775,89,Bearish
JKL.N0000,0.3580170647572663,0.37099191546440125,0.3389830508474576,0.1864406779661017,0.4745762711864407,59,Neutral
KAHA.N0000,0.3344021684502902,0.36140498518943787,0.0,0.5342465753424658,0.4657534246575342,73,Neutral
KCAB.N0000,0.3223598837852478,0.24340073764324188,0.06,0.22,0.72,50,Bearish
KFP.N0000,0.3577112779021263,0.34261083602905273,0.09615384615384616,0.038461538461538464,0.8653846153846154,52,Neutral
KGAL.N0000,0.36658744063488274,0.3728759288787842,0.20930232558139536,0.023255813953488372,0.7674418604651163,43,Neutral
KHC.N0000,0.3637663278173893,0.37462717294692993,0.06382978723404255,0.0,0.9361702127659575,47,Neutral
KHL.N0000,0.2963344600537549,0.10438309609889984,0.0,0.6521739130434783,0.34782608695652173,46,Bearish
KOTA.N0000,0.34049281080563865,0.36724334955215454,0.0,0.35555555555555557,0.6444444444444445,45,Neutral
KPHL.N0000,0.3738314469273274,0.36721667647361755,0.38461538461538464,0.0,0.6153846153846154,52,Neutral
KVAL.N0000,0.3377285167282703,0.36449292302131653,0.0,0.39215686274509803,0.6078431372549019,51,Neutral
KZOO.N0000,0.3111050856508771,0.06994495540857315,0.1836734693877551,0.24489795918367346,0.5714285714285714,49,Bearish
LALU.N0000,0.3678608869397363,0.3785727024078369,0.3488372093023256,0.0,0.6511627906976745,43,Neutral
LAMB.N0000,0.3645984280493952,0.33942797780036926,0.12903225806451613,0.0,0.8709677419354839,31,Neutral
LCBF.N0000,0.2931053896175056,0.19356128573417664,0.01639344262295082,0.6065573770491803,0.3770491803278688,61,Bearish
LCEY.N0000,0.35969852859323675,0.3550363779067993,0.022727272727272728,0.0,0.9772727272727273,44,Neutral
LDEV.N0000,0.3415006564723121,0.3287752866744995,0.037037037037037035,0.5,0.46296296296296297,54,Neutral
LFIN.N0000,0.3199206457263039,0.24224351346492767,0.04838709677419355,0.46774193548387094,0.4838709677419355,62,Bearish
LGIL.N0000,0.3414404780234931,0.35685622692108154,0.09433962264150944,0.4339622641509434,0.4716981132075472,53,Neutral
LGL.N0000,0.3557613280686465,0.3450238108634949,0.09090909090909091,0.09090909090909091,0.8181818181818182,55,Neutral
LGL.X0000,0.3679987460374832,0.35672682523727417,0.2,0.02,0.78,50,Neutral
LHCL.N0000,0.36403437926058185,0.3779560625553131,0.21052631578947367,0.0,0.7894736842105263,57,Neutral
LHL.N0000,0.3679257007315755,0.38026997447013855,0.25,0.0,0.75,32,Neutral
LIOC.N0000,0.3269571861276379,0.2659842073917389,0.07792207792207792,0.4155844155844156,0.5064935064935064,77,Bearish
LION.N0000,0.34984795718776934,0.330215185880661,0.061224489795918366,0.2653061224489796,0.673469387755102,49,Neutral
LITE.N0000,0.3487174168229103,0.3248756527900696,0.05,0.3,0.65,40,Neutral
LLUB.N0000,0.34525438171365985,0.33102142810821533,0.0,0.1956521739130435,0.8043478260869565,46,Neutral
LMF.N0000,0.3342573483344875,0.09600649029016495,0.22784810126582278,0.25316455696202533,0.5189873417721519,79,Neutral
LOFC.N0000,0.1554370526379595,0.2089821696281433,0.0,1.0,0.0,48,Bearish
LOLC.N0000,0.3375542811194404,0.09203708171844482,0.21311475409836064,0.2459016393442623,0.5409836065573771,61,Neutral
LPL.N0000,0.34744541843732196,0.34628531336784363,0.0,0.0196078431372549,0.9803921568627451,51,Neutral
LPL.X0000,0.34129441261291504,0.3471757173538208,0.0,0.26,0.74,50,Neutral
LPRT.N0000,0.36347037979534697,0.35605400800704956,0.07142857142857142,0.03571428571428571,0.8928571428571429,28,Neutral
LUMX.N0000,0.3356655551628633,0.31097400188446045,0.045454545454545456,0.13636363636363635,0.8181818181818182,44,Neutral
LVEF.N0000,0.3195765052662521,0.35768523812294006,0.0,0.8688524590163934,0.13114754098360656,61,Bearish
LVEN.N0000,0.3542444120954584,0.37194982171058655,0.18518518518518517,0.25925925925925924,0.5555555555555556,54,Neutral
LWL.N0000,0.35079486966133117,0.36901822686195374,0.1,0.26666666666666666,0.6333333333333333,60,Neutral
MADU.N0000,0.34793443771509025,0.3610795736312866,0.06153846153846154,0.2,0.7384615384615385,65,Neutral
MAL.N0000,0.3447723620467716,0.31047213077545166,0.1111111111111111,0.2777777777777778,0.6111111111111112,18,Neutral
MAL.X0000,0.3458095005580357,0.34504833817481995,0.0,0.02857142857142857,0.9714285714285714,35,Neutral
MARA.N0000,0.3315599712458524,0.30635395646095276,0.07272727272727272,0.16363636363636364,0.7636363636363637,55,Bearish
MASK.N0000,0.34404545324914,0.33414608240127563,0.0,0.2978723404255319,0.7021276595744681,47,Neutral
MBSL.N0000,0.36025783109168213,0.36853232979774475,0.10416666666666667,0.0,0.8958333333333334,48,Neutral
MCPL.N0000,0.35986312727133435,0.3420138657093048,0.10416666666666667,0.0625,0.8333333333333334,48,Neutral
MDL.N0000,0.36114901690571394,0.3902081847190857,0.24074074074074073,0.14814814814814814,0.6111111111111112,54,Neutral
MEL.N0000,0.36930893262227377,0.3671379089355469,0.26666666666666666,0.0,0.7333333333333333,45,Neutral
MELS.N0000,0.3445654604949203,0.3697811961174011,0.0196078431372549,0.2549019607843137,0.7254901960784313,51,Neutral
MERC.N0000,0.3335172470410665,0.3352726101875305,0.0,0.37333333333333335,0.6266666666666667,75,Neutral
MFPE.N0000,0.3572924501937011,0.35225579142570496,0.08620689655172414,0.017241379310344827,0.896551724137931,58,Neutral
MGT.N0000,0.3387634003984517,0.30940529704093933,0.034482758620689655,0.39655172413793105,0.5689655172413793,58,Neutral
MHDL.N0000,0.3679296492144119,0.36803334951400757,0.2558139534883721,0.06976744186046512,0.6744186046511628,43,Neutral
MRH.N0000,0.35769220627844334,0.34935060143470764,0.0625,0.0,0.9375,32,Neutral
MSL.N0000,0.361789806764953,0.3713529109954834,0.02040816326530612,0.0,0.9795918367346939,49,Neutral
MULL.N0000,0.2995400675411882,0.30661582946777344,0.017241379310344827,0.6551724137931034,0.3275862068965517,58,Bearish
NAMU.N0000,0.3545470695603978,0.3797215223312378,0.16363636363636364,0.10909090909090909,0.7272727272727273,55,Neutral
NDB.N0000,0.31343908980488777,0.2241329550743103,0.041666666666666664,0.375,0.5833333333333334,48,Bearish
NEH.N0000,0.3505038606083911,0.34608542919158936,0.08695652173913043,0.2608695652173913,0.6521739130434783,23,Neutral
NHL.N0000,0.33516327095659154,0.17275872826576233,0.05263157894736842,0.4473684210526316,0.5,76,Neutral
NTB.N0000,0.3309223305534672,0.3196620047092438,0.05405405405405406,0.6396396396396397,0.3063063063063063,111,Bearish
NTB.X0000,0.34462938975479646,0.3818339705467224,0.1016949152542373,0.3728813559322034,0.5254237288135594,59,Neutral
ODEL.N0000,0.3512003461145005,0.32613664865493774,0.1509433962264151,0.18867924528301888,0.660377358490566,53,Neutral
OFEQ.N0000,0.3644962549209595,0.37296319007873535,0.24,0.0,0.76,50,Neutral
ONAL.N0000,0.35884191180175207,0.3714292049407959,0.2641509433962264,0.18867924528301888,0.5471698113207547,53,Neutral
OSEA.N0000,0.3314820916889465,0.278582900762558,0.0547945205479452,0.4383561643835616,0.5068493150684932,73,Bearish
PABC.N0000,0.3320865052333776,0.32818934321403503,0.043478260869565216,0.5797101449275363,0.37681159420289856,69,Bearish
PACK.N0000,0.3470432572769669,0.34398549795150757,0.018867924528301886,0.11320754716981132,0.8679245283018868,53,Neutral
PALM.N0000,0.3636243795907056,0.3826313018798828,0.18518518518518517,0.037037037037037035,0.7777777777777778,27,Neutral
PAP.N0000,0.3473081019189623,0.33203259110450745,0.06666666666666667,0.2,0.7333333333333333,45,Neutral
PARA.N0000,0.3594564330287096,0.3842693567276001,0.2682926829268293,0.17073170731707318,0.5609756097560976,41,Neutral
PARQ.N0000,0.35308102065441654,0.36180081963539124,0.0392156862745098,0.09803921568627451,0.8627450980392157,51,Neutral
PEG.N0000,0.3627878115935759,0.3747090697288513,0.06818181818181818,0.0,0.9318181818181818,44,Neutral
PHAR.N0000,0.37051616691880757,0.35624173283576965,0.2222222222222222,0.0,0.7777777777777778,36,Neutral
PINS.N0000,0.3494732258271198,0.3863118886947632,0.08163265306122448,0.12244897959183673,0.7959183673469388,49,Neutral
PKME.N0000,0.32839341310121245,0.27462348341941833,0.0847457627118644,0.23728813559322035,0.6779661016949152,59,Bearish
PLC.N0000,0.3399434253092735,0.3645612597465515,0.03225806451612903,0.3225806451612903,0.6451612903225806,62,Neutral
PLR.N0000,0.333116122558713,0.168950617313385,0.34,0.14,0.52,50,Neutral
PMB.N0000,0.3579104046026866,0.37804171442985535,0.06666666666666667,0.0,0.9333333333333333,45,Neutral
RAL.N0000,0.343189896941185,0.3240385353565216,0.12,0.4,0.48,50,Neutral
RCH.N0000,0.36738591509706836,0.3701660931110382,0.29411764705882354,0.029411764705882353,0.6764705882352942,34,Neutral
RCL.N0000,0.3518541734269325,0.36477363109588623,0.02127659574468085,0.2553191489361702,0.723404255319149,47,Neutral
REEF.N0000,0.29984427578747275,0.16843749582767487,0.0,0.45,0.55,40,Bearish
RENU.N0000,0.36910027143906576,0.36294177174568176,0.20408163265306123,0.0,0.7959183673469388,49,Neutral
REXP.N0000,0.36498873335559195,0.36571621894836426,0.14634146341463414,0.0,0.8536585365853658,41,Neutral
RFL.N0000,0.3523740750901839,0.3556815981864929,0.0392156862745098,0.3137254901960784,0.6470588235294118,51,Neutral
RGEM.N0000,0.3562458166177722,0.35763514041900635,0.10144927536231885,0.057971014492753624,0.8405797101449275,69,Neutral
RHL.N0000,0.3732627170426505,0.3601277768611908,0.4142857142857143,0.0,0.5857142857142857,70,Neutral
RHL.X0000,0.37637363722983824,0.36671680212020874,0.46808510638297873,0.0,0.5319148936170213,47,Neutral
RHTL.N0000,0.3700695541642961,0.3769960403442383,0.21428571428571427,0.0,0.7857142857142857,42,Neutral
RICH.N0000,0.3614555083215237,0.364258736371994,0.05,0.0,0.95,40,Neutral
RIL.N0000,0.3247331247902384,0.19824153184890747,0.19607843137254902,0.2549019607843137,0.5490196078431373,51,Bearish
RPBH.N0000,0.3576935757882893,0.375027596950531,0.140625,0.046875,0.8125,64,Neutral
RWSL.N0000,0.3437055317645377,0.3600022792816162,0.0425531914893617,0.2127659574468085,0.7446808510638298,47,Neutral
SAMP.N0000,0.3122836968597071,0.23740828037261963,0.012345679012345678,0.7901234567901234,0.19753086419753085,81,Bearish
SCAP.N0000,0.2982308781179397,0.06848752498626709,0.0,0.3695652173913043,0.6304347826086957,46,Bearish
SDB.N0000,0.37524972558021547,0.37429916858673096,0.52,0.0,0.48,50,Neutral
SDF.N0000,0.35845216592917073,0.3788765072822571,0.09615384615384616,0.019230769230769232,0.8846153846153846,52,Neutral
SEMB.N0000,0.04498290566020999,0.046289294958114624,0.0,1.0,0.0,58,Bearish
SEMB.X0000,0.04452626520524854,0.045675888657569885,0.0,1.0,0.0,46,Bearish
SERV.N0000,0.3366084753298292,0.33888882398605347,0.0,0.47058823529411764,0.5294117647058824,51,Neutral
SEYB.N0000,0.35912405275831033,0.34791886806488037,0.09803921568627451,0.058823529411764705,0.8431372549019608,51,Neutral
SEYB.X0000,0.3302758775394538,0.22980442643165588,0.15517241379310345,0.1724137931034483,0.6724137931034483,58,Bearish
SFCL.N0000,0.360393187072542,0.3587561249732971,0.1111111111111111,0.044444444444444446,0.8444444444444444,45,Neutral
SFIN.N0000,0.3600584183420454,0.37587809562683105,0.25,0.07142857142857142,0.6785714285714286,56,Neutral
SHAW.N0000,0.3428016533590343,0.3531196713447571,0.0136986301369863,0.3698630136986301,0.6164383561643836,73,Neutral
SHL.N0000,0.3206447194975156,0.10447192192077637,0.06153846153846154,0.3384615384615385,0.6,65,Bearish
SHOT.N0000,0.35512568222151863,0.37999609112739563,0.08888888888888889,0.13333333333333333,0.7777777777777778,45,Neutral
SHOT.X0000,0.3671712823536085,0.3665793240070343,0.13043478260869565,0.0,0.8695652173913043,46,Neutral
SIGV.N0000,0.3508472985454968,0.37852978706359863,0.07142857142857142,0.05357142857142857,0.875,56,Neutral
SIL.N0000,0.34450038743239864,0.2371128797531128,0.09259259259259259,0.24074074074074073,0.6666666666666666,54,Neutral
SINH.N0000,0.3697997121648355,0.3824233412742615,0.22727272727272727,0.0,0.7727272727272727,44,Neutral
SINS.N0000,0.33017626594413413,0.188109889626503,0.09090909090909091,0.10909090909090909,0.8,55,Bearish
SIRA.N0000,0.31916035018861294,0.2693355679512024,0.12,0.42,0.46,50,Bearish
SLND.N0000,0.34773192182183266,0.3755156695842743,0.125,0.375,0.5,32,Neutral
SLTL.N0000,0.3664032477279042,0.37511390447616577,0.18604651162790697,0.023255813953488372,0.7906976744186046,43,Neutral
SMOT.N0000,0.35013243498710483,0.27919715642929077,0.057692307692307696,0.3076923076923077,0.6346153846153846,52,Neutral
SOY.N0000,0.34997554750818954,0.31959447264671326,0.10526315789473684,0.2894736842105263,0.6052631578947368,38,Neutral
SPEN.N0000,0.33516127887097275,0.32739827036857605,0.0,0.38636363636363635,0.6136363636363636,44,Neutral
STAF.N0000,0.3490272545814514,0.3740719258785248,0.02,0.06,0.92,50,Neutral
SUN.N0000,0.3321937423485976,0.30457767844200134,0.0,0.4307692307692308,0.5692307692307692,65,Bearish
SWAD.N0000,0.31779165159572254,0.3130777180194855,0.0,1.0,0.0,11,Bearish
TAFL.N0000,0.35061499894711007,0.3523920476436615,0.22807017543859648,0.15789473684210525,0.6140350877192983,57,Neutral
TAJ.N0000,0.3524149615390628,0.3527960479259491,0.19607843137254902,0.29411764705882354,0.5098039215686274,51,Neutral
TANG.N0000,0.36485247653827335,0.3520432710647583,0.3157894736842105,0.03508771929824561,0.6491228070175439,57,Neutral
TAP.N0000,0.3364079707198673,0.3678390681743622,0.022222222222222223,0.2222222222222222,0.7555555555555555,45,Neutral
TESS.N0000,0.2937294227572588,0.3067004680633545,0.0,0.5576923076923077,0.4423076923076923,52,Bearish
TESS.X0000,0.3383918163868097,0.3151373565196991,0.0,0.25,0.75,52,Neutral
TILE.N0000,0.34166913215191136,0.33001819252967834,0.016129032258064516,0.3225806451612903,0.6612903225806451,62,Neutral
TJL.N0000,0.314820129311446,0.26824191212654114,0.010101010101010102,0.8787878787878788,0.1111111111111111,99,Bearish
TKYO.N0000,0.3457466596906835,0.33036720752716064,0.0,0.14545454545454545,0.8545454545454545,55,Neutral
TKYO.X0000,0.34104984626173973,0.2033422738313675,0.06818181818181818,0.1590909090909091,0.7727272727272727,44,Neutral
TPL.N0000,0.3301488682627678,0.3299700617790222,0.016666666666666666,0.6666666666666666,0.31666666666666665,60,Bearish
TRAN.N0000,0.35377100110054016,0.35673171281814575,0.018867924528301886,0.11320754716981132,0.8679245283018868,53,Neutral
TSML.N0000,0.3575325986234153,0.35248905420303345,0.024390243902439025,0.0,0.975609756097561,41,Neutral
TYRE.N0000,0.3493649587035179,0.37750405073165894,0.041666666666666664,0.1875,0.7708333333333334,48,Neutral
UAL.N0000,0.35487907379865646,0.3622787296772003,0.03571428571428571,0.14285714285714285,0.8214285714285714,56,Neutral
UBC.N0000,0.35227796326984057,0.3475908041000366,0.03636363636363636,0.03636363636363636,0.9272727272727272,55,Neutral
UBF.N0000,0.14248876613047387,0.1717342585325241,0.0,1.0,0.0,45,Bearish
UCAR.N0000,0.3640045179375287,0.37437841296195984,0.15517241379310345,0.017241379310344827,0.8275862068965517,58,Neutral
UDPL.N0000,0.3561480365693569,0.36646372079849243,0.125,0.15,0.725,40,Neutral
UML.N0000,0.3379682384431362,0.30617132782936096,0.06666666666666667,0.21666666666666667,0.7166666666666667,60,Neutral
VFIN.N0000,0.3392214391191127,0.3711894452571869,0.0,0.3559322033898305,0.6440677966101694,59,Neutral
VLL.N0000,0.3518851108494259,0.3541882038116455,0.09523809523809523,0.11904761904761904,0.7857142857142857,42,Neutral
VLL.X0000,0.35486313471427333,0.3746316730976105,0.019230769230769232,0.07692307692307693,0.9038461538461539,52,Neutral
VONE.N0000,0.35863834619522095,0.3505944311618805,0.10204081632653061,0.02040816326530612,0.8775510204081632,49,Neutral
VPEL.N0000,0.3364388233628766,0.3527500629425049,0.0,0.5689655172413793,0.43103448275862066,58,Bearish
WAPO.N0000,0.33747709352285304,0.2941059172153473,0.10638297872340426,0.14893617021276595,0.7446808510638298,47,Neutral
WATA.N0000,0.33372181018193564,0.31919482350349426,0.013333333333333334,0.5333333333333333,0.4533333333333333,75,Neutral
WIND.N0000,0.34124470670377055,0.34454211592674255,0.016129032258064516,0.25806451612903225,0.7258064516129032,62,Neutral
WLTH.N0000,0.3422373822241118,0.36783087253570557,0.0,0.2727272727272727,0.7272727272727273,33,Neutral
YORK.N0000,0.3532785498782208,0.3783796727657318,0.13157894736842105,0.05263157894736842,0.8157894736842105,38,Neutral
